     1: CT029              100.00   99.83   99.66  100.00  100.00   99.84   99.84  100.00  100.00   98.56   99.52   99.52  100.00   97.77   97.58  100.00   96.64   97.75   97.41   99.84   99.04  100.00  100.00  100.00   99.84
     2: HQ604763.1_1-589    99.83  100.00  100.00   99.83   99.83   99.66   99.66   99.83   99.83   98.47   99.32   99.32   99.83   97.45   97.27   99.83   96.59   97.45   97.08   99.65   98.81   99.83   99.83   99.83   99.66
     3: HQ604764.1_3-591    99.66  100.00  100.00   99.66   99.66   99.49   99.49   99.66   99.66   98.30   99.15   99.15   99.66   97.26   97.10   99.66   96.58   97.28   96.91   99.48   98.64   99.66   99.66   99.66   99.48
     4: HQ604765.1_53-676  100.00   99.83   99.66  100.00  100.00   99.84   99.84  100.00  100.00   98.55   99.52   99.52  100.00   97.77   97.58  100.00   96.63   97.75   97.40   99.84   99.04  100.00  100.00  100.00   99.84
     5: HQ604766.1_53-675  100.00   99.83   99.66  100.00  100.00   99.84   99.84  100.00  100.00   98.55   99.52   99.52  100.00   97.77   97.58  100.00   96.63   97.75   97.40   99.84   99.04  100.00  100.00  100.00   99.84
     6: HQ604767.1_1-624    99.84   99.66   99.49   99.84   99.84  100.00   99.68   99.84   99.84   98.39   99.36   99.36   99.84   97.59   97.42   99.84   96.46   97.59   97.24   99.67   98.88   99.84   99.84   99.84   99.68
     7: JF908378.1_8-631    99.84   99.66   99.49   99.84   99.84   99.68  100.00   99.84   99.84   98.39   99.36   99.36   99.84   97.60   97.42   99.84   96.47   97.59   97.24   99.67   98.88   99.84   99.84   99.84   99.68
     8: JF908455.1_15-638  100.00   99.83   99.66  100.00  100.00   99.84   99.84  100.00  100.00   98.56   99.52   99.52  100.00   97.77   97.58  100.00   96.64   97.75   97.41   99.84   99.04  100.00  100.00  100.00   99.84
     9: JQ358809.1_24-647  100.00   99.83   99.66  100.00  100.00   99.84   99.84  100.00  100.00   98.56   99.52   99.52  100.00   97.77   97.58  100.00   96.64   97.75   97.41   99.84   99.04  100.00  100.00  100.00   99.84
    10: MF943121.1_8-631    98.56   98.47   98.30   98.55   98.55   98.39   98.39   98.56   98.56  100.00   98.23   98.23   98.55   96.39   96.29   98.56   95.45   96.46   96.10   98.36   99.52   98.55   98.55   98.55   98.37
    11: MG654740.1_8-630    99.52   99.32   99.15   99.52   99.52   99.36   99.36   99.52   99.52   98.23  100.00   99.68   99.52   97.59   97.42   99.52   96.13   97.59   97.24   99.34   98.72   99.52   99.52   99.52   99.35
    12: MG654741.1_10-632   99.52   99.32   99.15   99.52   99.52   99.36   99.36   99.52   99.52   98.23   99.68  100.00   99.52   97.42   97.26   99.52   96.13   97.43   97.08   99.34   98.72   99.52   99.52   99.52   99.35
    13: MG654742.1_7-629   100.00   99.83   99.66  100.00  100.00   99.84   99.84  100.00  100.00   98.55   99.52   99.52  100.00   97.77   97.58  100.00   96.63   97.75   97.40   99.84   99.04  100.00  100.00  100.00   99.84
    14: MG748570.1_11-596   97.77   97.45   97.26   97.77   97.77   97.59   97.60   97.77   97.77   96.39   97.59   97.42   97.77  100.00   98.46   97.77   94.40   98.29   99.66   97.77   96.91   97.93   97.93   97.93   97.94
    15: MW540656.1_1-624    97.58   97.27   97.10   97.58   97.58   97.42   97.42   97.58   97.58   96.29   97.42   97.26   97.58   98.46  100.00   97.58   94.26   99.84   97.73   97.53   96.78   97.58   97.58   97.58   97.72
    16: MW540705.1_1-624   100.00   99.83   99.66  100.00  100.00   99.84   99.84  100.00  100.00   98.56   99.52   99.52  100.00   97.77   97.58  100.00   96.64   97.75   97.41   99.84   99.04  100.00  100.00  100.00   99.84
    17: MZ410679.1_1-595    96.64   96.59   96.58   96.63   96.63   96.46   96.47   96.64   96.64   95.45   96.13   96.13   96.63   94.40   94.26   96.64  100.00   94.44   94.22   96.38   95.63   96.63   96.63   96.63   96.42
    18: OM368073.1_27-652   97.75   97.45   97.28   97.75   97.75   97.59   97.59   97.75   97.75   96.46   97.59   97.43   97.75   98.29   99.84   97.75   94.44  100.00   97.90   97.53   96.95   97.75   97.75   97.75   97.56
    19: OM747808.1_15-635   97.41   97.08   96.91   97.40   97.40   97.24   97.24   97.41   97.41   96.10   97.24   97.08   97.40   99.66   97.73   97.41   94.22   97.90  100.00   97.18   96.60   97.56   97.56   97.56   97.21
    20: ON416984.1_20-629   99.84   99.65   99.48   99.84   99.84   99.67   99.67   99.84   99.84   98.36   99.34   99.34   99.84   97.77   97.53   99.84   96.38   97.53   97.18  100.00   98.85   99.84   99.84   99.84   99.84
    21: ON561528.1_47-670   99.04   98.81   98.64   99.04   99.04   98.88   98.88   99.04   99.04   99.52   98.72   98.72   99.04   96.91   96.78   99.04   95.63   96.95   96.60   98.85  100.00   99.04   99.04   99.04   98.86
    22: ON707203.1_22-643  100.00   99.83   99.66  100.00  100.00   99.84   99.84  100.00  100.00   98.55   99.52   99.52  100.00   97.93   97.58  100.00   96.63   97.75   97.56   99.84   99.04  100.00  100.00  100.00   99.84
    23: ON707204.1_22-643  100.00   99.83   99.66  100.00  100.00   99.84   99.84  100.00  100.00   98.55   99.52   99.52  100.00   97.93   97.58  100.00   96.63   97.75   97.56   99.84   99.04  100.00  100.00  100.00   99.84
    24: ON707205.1_22-643  100.00   99.83   99.66  100.00  100.00   99.84   99.84  100.00  100.00   98.55   99.52   99.52  100.00   97.93   97.58  100.00   96.63   97.75   97.56   99.84   99.04  100.00  100.00  100.00   99.84
    25: ON738539.1_1-616    99.84   99.66   99.48   99.84   99.84   99.68   99.68   99.84   99.84   98.37   99.35   99.35   99.84   97.94   97.72   99.84   96.42   97.56   97.21   99.84   98.86   99.84   99.84   99.84  100.00