     1: MZ410679.1_1-595   100.00   96.63   96.64   96.72   96.80   96.80   96.80   96.81   96.81   96.81   96.81   96.80   96.80   96.76   96.80   96.76   96.76   96.30   96.30   95.80   95.46   94.61   94.59   94.05   94.77
     2: HQ604767.1_1-624    96.63  100.00   99.68   99.84   99.84   99.84   99.84   99.84   99.84   99.84   99.84   99.84   99.84   99.84   99.84   99.83   99.83   99.36   99.36   98.88   98.23   97.59   97.58   96.92   97.77
     3: JF908378.1_8-631    96.64   99.68  100.00   99.84   99.84   99.84   99.84   99.84   99.84   99.84   99.84   99.84   99.84   99.84   99.84   99.83   99.83   99.36   99.36   98.88   98.24   97.59   97.58   96.92   97.77
     4: ON416984.1_20-629   96.72   99.84   99.84  100.00  100.00  100.00  100.00  100.00  100.00  100.00  100.00  100.00  100.00  100.00  100.00  100.00  100.00   99.51   99.51   99.01   98.36   97.70   97.70   97.01   97.94
     5: ON707205.1_22-643   96.80   99.84   99.84  100.00  100.00  100.00  100.00  100.00  100.00  100.00  100.00  100.00  100.00  100.00  100.00  100.00  100.00   99.52   99.52   99.20   98.55   97.91   97.90   97.24   98.11
     6: ON707204.1_22-643   96.80   99.84   99.84  100.00  100.00  100.00  100.00  100.00  100.00  100.00  100.00  100.00  100.00  100.00  100.00  100.00  100.00   99.52   99.52   99.20   98.55   97.91   97.90   97.24   98.11
     7: ON707203.1_22-643   96.80   99.84   99.84  100.00  100.00  100.00  100.00  100.00  100.00  100.00  100.00  100.00  100.00  100.00  100.00  100.00  100.00   99.52   99.52   99.20   98.55   97.91   97.90   97.24   98.11
     8: CT029               96.81   99.84   99.84  100.00  100.00  100.00  100.00  100.00  100.00  100.00  100.00  100.00  100.00  100.00  100.00  100.00  100.00   99.52   99.52   99.04   98.40   97.75   97.75   97.08   97.94
     9: JF908455.1_15-638   96.81   99.84   99.84  100.00  100.00  100.00  100.00  100.00  100.00  100.00  100.00  100.00  100.00  100.00  100.00  100.00  100.00   99.52   99.52   99.04   98.40   97.75   97.75   97.08   97.94
    10: JQ358809.1_24-647   96.81   99.84   99.84  100.00  100.00  100.00  100.00  100.00  100.00  100.00  100.00  100.00  100.00  100.00  100.00  100.00  100.00   99.52   99.52   99.04   98.40   97.75   97.75   97.08   97.94
    11: MW540705.1_1-624    96.81   99.84   99.84  100.00  100.00  100.00  100.00  100.00  100.00  100.00  100.00  100.00  100.00  100.00  100.00  100.00  100.00   99.52   99.52   99.04   98.40   97.75   97.75   97.08   97.94
    12: MG654742.1_7-629    96.80   99.84   99.84  100.00  100.00  100.00  100.00  100.00  100.00  100.00  100.00  100.00  100.00  100.00  100.00  100.00  100.00   99.52   99.52   99.04   98.39   97.75   97.74   97.08   97.94
    13: HQ604766.1_53-675   96.80   99.84   99.84  100.00  100.00  100.00  100.00  100.00  100.00  100.00  100.00  100.00  100.00  100.00  100.00  100.00  100.00   99.52   99.52   99.04   98.39   97.75   97.74   97.08   97.94
    14: ON738539.1_1-616    96.76   99.84   99.84  100.00  100.00  100.00  100.00  100.00  100.00  100.00  100.00  100.00  100.00  100.00  100.00  100.00  100.00   99.51   99.51   99.03   98.38   97.72   97.72   97.04   97.94
    15: HQ604765.1_53-676   96.80   99.84   99.84  100.00  100.00  100.00  100.00  100.00  100.00  100.00  100.00  100.00  100.00  100.00  100.00  100.00  100.00   99.52   99.52   99.04   98.39   97.75   97.74   97.08   97.94
    16: HQ604764.1_3-591    96.76   99.83   99.83  100.00  100.00  100.00  100.00  100.00  100.00  100.00  100.00  100.00  100.00  100.00  100.00  100.00  100.00   99.49   99.49   98.98   98.47   97.62   97.61   96.91   97.81
    17: HQ604763.1_1-589    96.76   99.83   99.83  100.00  100.00  100.00  100.00  100.00  100.00  100.00  100.00  100.00  100.00  100.00  100.00  100.00  100.00   99.49   99.49   98.98   98.47   97.62   97.61   96.91   97.81
    18: MG654741.1_10-632   96.30   99.36   99.36   99.51   99.52   99.52   99.52   99.52   99.52   99.52   99.52   99.52   99.52   99.51   99.52   99.49   99.49  100.00   99.68   98.72   98.07   97.43   97.42   96.75   97.59
    19: MG654740.1_8-630    96.30   99.36   99.36   99.51   99.52   99.52   99.52   99.52   99.52   99.52   99.52   99.52   99.52   99.51   99.52   99.49   99.49   99.68  100.00   98.72   98.07   97.59   97.58   96.92   97.77
    20: ON561528.1_47-670   95.80   98.88   98.88   99.01   99.20   99.20   99.20   99.04   99.04   99.04   99.04   99.04   99.04   99.03   99.04   98.98   98.98   98.72   98.72  100.00   99.36   96.95   96.94   96.27   97.08
    21: MF943121.1_8-631    95.46   98.23   98.24   98.36   98.55   98.55   98.55   98.40   98.40   98.40   98.40   98.39   98.39   98.38   98.39   98.47   98.47   98.07   98.07   99.36  100.00   96.47   96.46   95.62   96.40
    22: OM368073.1_27-652   94.61   97.59   97.59   97.70   97.91   97.91   97.91   97.75   97.75   97.75   97.75   97.75   97.75   97.72   97.75   97.62   97.62   97.43   97.59   96.95   96.47  100.00  100.00   97.90   98.63
    23: MW540656.1_1-624    94.59   97.58   97.58   97.70   97.90   97.90   97.90   97.75   97.75   97.75   97.75   97.74   97.74   97.72   97.74   97.61   97.61   97.42   97.58   96.94   96.46  100.00  100.00   97.89   98.63
    24: OM747808.1_15-635   94.05   96.92   96.92   97.01   97.24   97.24   97.24   97.08   97.08   97.08   97.08   97.08   97.08   97.04   97.08   96.91   96.91   96.75   96.92   96.27   95.62   97.90   97.89  100.00   99.83
    25: MG748570.1_11-596   94.77   97.77   97.77   97.94   98.11   98.11   98.11   97.94   97.94   97.94   97.94   97.94   97.94   97.94   97.94   97.81   97.81   97.59   97.77   97.08   96.40   98.63   98.63   99.83  100.00